Input To Hidden Layer Weights
0.1,-0.2,
0.3,0.1,
-0.2,0.3,
0.1,-0.2
-0.4,0.5,
0.6,-0.4,
0.5,0.6,
-0.4,0.5,

HiddenLayer1 To HiddenLayer2 weights
-0.2,0.3,-0.4,0.5,0.6,-0.7,0.8,-0.9,
0.1,0.9,-0.3,0.2,-0.5,0.4,0.6,-0.8,
-0.7,0.5,0.8,-0.2,-0.3,-0.6,0.1,0.4,
-0.2,0.3,-0.4,0.5,0.6,-0.7,0.8,-0.9,
0.1,0.9,-0.3,0.2,-0.5,0.4,0.6,-0.8,
-0.7,0.5,0.8,-0.2,-0.3,-0.6,0.1,0.4,
-0.2,0.3,-0.4,0.5,0.6,-0.7,0.8,-0.9,
0.1,0.9,-0.3,0.2,-0.5,0.4,0.6,-0.8,

HiddenLayer2 To HiddenLayer3 weights
0.2,-0.3,0.4,-0.5,-0.6,0.7,-0.8,0.9,
-0.1,-0.9,0.3,-0.2,0.5,-0.4,-0.6,0.8,
0.7,-0.5,-0.8,0.2,0.3,0.6,-0.1,-0.4,
0.2,-0.3,0.4,-0.5,-0.6,0.7,-0.8,0.9,
-0.1,-0.9,0.3,-0.2,0.5,-0.4,-0.6,0.8,
0.7,-0.5,-0.8,0.2,0.3,0.6,-0.1,-0.4,
0.2,-0.3,0.4,-0.5,-0.6,0.7,-0.8,0.9,
-0.1,-0.9,0.3,-0.2,0.5,-0.4,-0.6,0.8,

HiddenLayer3 To HiddenLayer4 weights
0.3,-0.4,0.5,-0.6,-0.7,0.8,-0.9,0.1,
-0.2,-0.9,0.4,-0.3,0.5,-0.6,-0.8,0.1,
0.6,-0.5,-0.7,0.2,0.4,0.8,-0.1,-0.3,
0.3,-0.4,0.5,-0.6,-0.7,0.8,-0.9,0.1,
-0.2,-0.9,0.4,-0.3,0.5,-0.6,-0.8,0.1,
0.6,-0.5,-0.7,0.2,0.4,0.8,-0.1,-0.3,
0.3,-0.4,0.5,-0.6,-0.7,0.8,-0.9,0.1,
-0.2,-0.9,0.4,-0.3,0.5,-0.6,-0.8,0.1,

HiddenLayer4 To HiddenLayer5 weights
0.5,-0.6,0.7,-0.8,-0.9,0.1,-0.2,0.3,
-0.4,-0.7,0.6,-0.5,0.8,-0.6,-0.2,0.1,
0.4,-0.3,-0.5,0.1,0.6, 0.7,-0.3,-0.2,
0.5,-0.6,0.7,-0.8,-0.9,0.1,-0.2,0.3,
-0.4,-0.7,0.6,-0.5,0.8,-0.6,-0.2,0.1,
0.4,-0.3,-0.5,0.1,0.6,0.7,-0.3,-0.2,
0.5,-0.6,0.7,-0.8,-0.9,0.1,-0.2,0.3,
-0.4,-0.7,0.6,-0.5,0.8,-0.6,-0.2,0.1,

HiddenLayer5 To Output Layer weights
-0.1,0.2,0.3,0.4,0.5,-0.6,-0.7,0.8,

Input Attributes
0.1,0.2,
